Weights
w[0] = 17.173599537039507
w[1] = -5.500673450370069
w[2] = -5.414429129084013
w[3] = -6.751996748163203
w[4] = -0.6619264777983638
w[5] = 10.31175395148091
w[6] = 12.324923041641554
w[7] = -0.03651189509296415
w[8] = 0.05347054035439669
w[9] = -19.803724659436934
w[10] = -13.676270106600246
w[11] = 18.63043953031748
w[12] = 1.6324949254420638
w[13] = -11.604627335453204
w[14] = 9.304540244135854
w[15] = -12.083079423654176
w[16] = 3.6986122682737523
w[17] = 3.018118124781232
w[18] = -18.630976439039145
w[19] = 18.905892553730958
w[20] = -0.5041018251968019
w[21] = -17.598150992870178
w[22] = 16.76377675206639
w[23] = 7.439760954520995
w[24] = 16.107012838756418
w[25] = 9.96255190031684
w[26] = -7.841312397526895
w[27] = -1.369714170253033
w[28] = -2.833379051020554
w[29] = 17.336073660001375
w[30] = 6.573153359066303
w[31] = -0.12381529319193874
w[32] = 15.544332632248654
w[33] = 8.660100512725258
w[34] = -16.42602695425807
w[35] = 9.768164593135623
