Weights
w[0] = 4.212752424031201
w[1] = 13.173868704829331
w[2] = 4.906494835540581
w[3] = 1.9858573575720158
w[4] = -17.915201474152056
w[5] = 6.945836082111146
w[6] = -18.621186523959178
w[7] = -5.265727581990319
w[8] = 18.398688002004405
w[9] = -8.19830435388515
w[10] = 0.8516717928568056
w[11] = 2.3061087246860907
w[12] = 11.834218709607633
w[13] = 13.62492581740456
w[14] = -13.629650478250937
w[15] = -7.370390473997652
w[16] = -19.102877750335367
w[17] = -17.694522760135612
w[18] = -18.534412134832717
w[19] = 16.887561942436612
w[20] = -3.9096345713511518
w[21] = 0.1168901639201394
w[22] = -0.6889305034843289
w[23] = -2.7846374313963587
w[24] = 0.061263622705052256
w[25] = -11.830615433452781
w[26] = 15.138720874325216
w[27] = -6.501999990782776
w[28] = -11.95293133148045
w[29] = 19.357650493597347
w[30] = -3.808534042022238
w[31] = -1.0286698013313824
w[32] = 1.7103307845728857
w[33] = -19.455958941312392
w[34] = -1.7757652854441375
w[35] = 17.880495821404516
